A
1,0.02,0.0002
0,1,0.02
0,0,1
B
1.333333333e-06
0.0002
0.02
C
1,0,-0.0244648318
Gp
-535.8714929,-675.9941843,-790.4432734,-829.687954,-801.5362041,-732.2795566,-646.8381203,-561.8542474,-485.6375717,-420.661915,-366.2608228,-320.5905345,-281.7336038,-248.1523459,-218.7635585,-192.8482182,-169.9247928,-149.644949,-131.7270045,-115.9217723,-101.9993414,-89.74646266,-78.96768365,-69.48668897,-61.14657294,-53.80897927,-47.3524995,-41.67076507,-36.67054664,-32.27002809,-28.39731264,-24.98915485,-21.98988535,-19.35049091,-17.02781809,-14.98387669,-13.18522664,-11.60243642,-10.20960464,-8.983937536,-7.905376373,-6.95626926,-6.121082216,-5.386144965,-4.739427284,-4.170342245,-3.669573083,-3.228920848,-2.841170333,-2.499972076,-2.199738509
Kp
535.8714929,9526.041279,1788.678772,52.89380546
