A
1,0.02,0.0002
0,1,0.02
0,0,1
B
1.333333333e-06
0.0002
0.02
C
1,0,-0.02344546381
Gp
-540.5736491,-677.2086304,-790.4685162,-830.7639518,-804.1766593,-735.686234,-649.8216363,-563.5005135,-485.55305,-418.9140222,-363.189871,-316.6230821,-277.257355,-243.4600844,-214.0474036,-188.2198789,-165.4427502,-145.3377898,-127.6091049,-112.0017642,-98.28352999,-86.23949836,-75.6721906,-66.40281588,-58.27184885,-51.13850943,-44.87938699,-39.38661964,-34.56597611,-30.33505577,-26.62170292,-23.36265312,-20.5023885,-17.9921662,-15.78918517,-13.85586367,-12.15920723,-10.67025292,-9.363579673,-8.216876794,-7.210564091,-6.327457875,-5.552477573,-4.872388222,-4.27557451,-3.751842536,-3.292245877,-2.888932954,-2.535013097,-2.22443898,-1.951903446
Kp
540.5736491,9452.422374,1747.366327,52.23250828
