A
1,0.02,0.0002
0,1,0.02
0,0,1
B
1.333333333e-06
0.0002
0.02
C
1,0,-0.02140672783
Gp
-550.2518148,-679.4774342,-789.8130318,-831.9403071,-808.5906055,-741.9654954,-655.581306,-566.7462581,-485.2920537,-415.1302387,-356.5068764,-307.9216114,-267.3909606,-233.1060194,-203.6685094,-178.0925906,-155.7105978,-136.0639155,-118.8155831,-103.6935533,-90.46008112,-78.89856525,-68.80983023,-60.01224846,-52.34255329,-45.65600646,-39.82565153,-34.74087139,-30.30559231,-26.43642585,-23.06093282,-20.1160951,-17.54701252,-15.30580557,-13.3506905,-11.64519336,-10.15747494,-8.859745447,-7.727753776,-6.740340317,-5.87904505,-5.127764264,-4.472450244,-3.900848847,-3.402270437,-2.967390046,-2.5880731,-2.257223441,-1.96865079,-1.71695514,-1.497425914
Kp
550.2518148,9293.744209,1662.649329,50.86805736
