A
1,0.02,0.0002
0,1,0.02
0,0,1
B
1.333333333e-06
0.0002
0.02
C
1,0,-0.01936799185
Gp
-560.315623,-681.5100325,-788.1019744,-831.6032888,-811.5844975,-747.2892178,-660.899359,-569.8602719,-484.9117561,-410.9923631,-349.112657,-298.1587222,-256.2096313,-221.3172244,-191.8619502,-166.6391106,-144.8080736,-125.7946142,-109.1961531,-94.71025118,-82.08927141,-71.11606452,-61.59342655,-53.34099133,-46.19517184,-40.00966321,-34.65542333,-30.01989259,-26.00561677,-22.52855442,-19.51632054,-16.90653503,-14.64536166,-12.68626097,-10.98894442,-9.518500758,-8.244662494,-7.141184076,-6.185309322,-5.357311477,-4.640093816,-4.018841944,-3.480720954,-3.014611888,-2.610882692,-2.261189445,-1.958304023,-1.695964816,-1.468747435,-1.271952764,-1.10151
Kp
560.315623,9118.256879,1575.035688,49.44479322
