A
1,0.02,0.0002
0,1,0.02
0,0,1
B
1.333333333e-06
0.0002
0.02
C
1,0,-0.02038735984
Gp
-555.2339354,-680.5251207,-789.0987047,-831.9783992,-810.2871395,-744.7677024,-658.3103028,-568.326481,-485.1170318,-413.1028418,-352.8969287,-303.1748605,-261.97143,-227.4018236,-197.9569484,-172.5452909,-150.4179957,-131.0636483,-114.1162074,-99.2906265,-86.34509863,-75.06274138,-65.24489393,-56.70994972,-49.29392855,-42.85089375,-37.25257553,-32.38722758,-28.15799809,-24.48111782,-21.28412933,-18.50428465,-16.08715963,-13.98548333,-12.15815633,-10.56942457,-9.188177777,-7.987347393,-6.943385374,-6.0358104,-5.24681162,-4.560902436,-3.964618212,-3.446252678,-2.995628364,-2.603896875,-2.263365243,-1.967344998,-1.710020998,-1.486337416,-1.291898633
Kp
555.2339354,9208.228254,1619.212779,50.16400976
